643333333333333333333333333333
531000000000000000000000000003
533333333333333333333333333003
544444444444444444444444441003
533333333333333333333333333003
530000000000000000000000000003
533333333333333333333333333003
544444444444444444444444441003
533333333333333333333333333003
530000000000000000000000000003
533333333333333333333333333003
544444444444444444444444441003
533333333333333333333333333003
530000000000000000000000000003
533333333333333333333333333003
544444444444444444444444441003
533333333333333333333333333003
530000000000000000000000000003
533333333333333333333333333003
544444444444444444444444441003
533333333333333333333333333003
530000000000000000000000000003
533333333333333333333333333103
455555555555555555555555555113
133333333333333333333333333513
030000000000000000000000001153
033333333333333333333333333153
000000000000000000000000000153
033333333333333333333333333112
000000000000000000000000000000
