600000000000000000000000000000
030300003330033003030003303030
003000030003000030030033000300
030330300300303303003330333030
000003033003000030030003300300
000030330030330303303033033030
030003003003000030030000300300
000330330030303303303303033030
003003003003000030030000300300
030330330300330303303033033030
000003003003000030030000300300
030030330300303303303333033030
000303003003000030030000300330
033030330300330303303333033300
000303003003000030030000300030
033030330300333303303333033300
000303003003000030030000300330
033030330300303003303333033030
000303003003000300030000300300
033030330300303033303333033030
000333003003000300030000300300
033003330300330033303333033030
000330003003000300030000300300
033000330030303033303330033030
000303003003300330030003000300
033030300303003303303330330030
000303030000300030030003003000
033000003300030300003330330330
000330330003000003300003033002
000000000000000000000000000000
